[[   0 3649]
 [   0 2565]]
[[5969    0]
 [ 245    0]]
[[5520    0]
 [ 694    0]]
[[5895    0]
 [ 319    0]]
[[5851    0]
 [ 363    0]]
[[5697    0]
 [ 517    0]]
[[6000    0]
 [ 214    0]]
[[5608    0]
 [ 606    0]]
[[6201    0]
 [  13    0]]
[[6205    0]
 [   9    0]]
[[6210    0]
 [   4    0]]
[[6011    0]
 [ 203    0]]
[[6066    0]
 [ 148    0]]
[[6095    0]
 [ 119    0]]
[[5996    0]
 [ 218    0]]
[[6208    0]
 [   6    0]]
[[6093    0]
 [ 121    0]]
[[6167    0]
 [  47    0]]
[[6042    0]
 [ 172    0]]
[[5903    0]
 [ 311    0]]
[[6178    0]
 [  36    0]]
[[5429    0]
 [ 785    0]]
[[6042    0]
 [ 172    0]]
[[5638    0]
 [ 576    0]]
[[6167    0]
 [  47    0]]
[[4593    0]
 [1621    0]]
[[6147    0]
 [  67    0]]
[[6214]]
